A = [
    1 -1 2;
    -2 0 5;
    6 -3 6;
];

v1 = [1 1 1]';
v2 = [3 10 4]';